########lat#######longitud######
	RUTA CUMBRES(10 paradas)
0	25.73121, -100.397372
1	25.730125,-100.39654999999999
2	25.724517,-100.39435300000002
3	25.720236,-100.38858299999998
4	25.716014,-100.382937
5	25.712069,-100.37762099999998
6	25.699873,-100.363045
7	25.695632,-100.35732200000001
8	25.694334,-100.35471899999999
9	25.651358,-100.291024
	
	RUTA SAN PEDRO(11 paradas)
0	25.656394,-100.40814599999999
1	25.653608,-100.39937299999997
2	25.6536,-100.38936999999999
3	25.656772,-100.38460499999997
4	25.662999,-100.38202999999999
5	25.664918,-100.38100700000001
6	25.65767,-100.35664
7	25.652982,-100.355873
8	25.658462,-100.345257
9	25.631289,-100.30163800000003
10	25.651445,-100.29105400000003
